[gd_scene load_steps=9 format=3 uid="uid://dr8eepgyqub6i"]

[ext_resource type="PackedScene" uid="uid://dkgqj383y0np4" path="res://darren_assets/cloud01.glb" id="1_0dp3f"]
[ext_resource type="Material" uid="uid://b4v6vdidmm6i3" path="res://Models/gray_material.tres" id="2_kk6s5"]

[sub_resource type="Animation" id="Animation_kk6s5"]
resource_name = "Cloud_Movement"
length = 4.0
tracks/0/type = "position_3d"
tracks/0/imported = false
tracks/0/enabled = true
tracks/0/path = NodePath("BigCloud1")
tracks/0/interp = 1
tracks/0/loop_wrap = true
tracks/0/keys = PackedFloat32Array(0, 1, 0, 0, 0, 4, 1, -36.2851, 0, 0)
tracks/1/type = "position_3d"
tracks/1/imported = false
tracks/1/enabled = true
tracks/1/path = NodePath("BigCloud2")
tracks/1/interp = 1
tracks/1/loop_wrap = true
tracks/1/keys = PackedFloat32Array(0, 1, 11.1817, 0, -9.8023, 4, 1, -25.098, 0, -9.802)
tracks/2/type = "position_3d"
tracks/2/imported = false
tracks/2/enabled = true
tracks/2/path = NodePath("BigCloud3")
tracks/2/interp = 1
tracks/2/loop_wrap = true
tracks/2/keys = PackedFloat32Array(0, 1, -6.36672, 0, -10.0172, 4, 1, -42.647, 0, -10.017)
tracks/3/type = "position_3d"
tracks/3/imported = false
tracks/3/enabled = true
tracks/3/path = NodePath("BigCloud4")
tracks/3/interp = 1
tracks/3/loop_wrap = true
tracks/3/keys = PackedFloat32Array(0, 1, -15.9488, 0, -1.29404, 4, 1, -52.22, 0, -1.294)
tracks/4/type = "position_3d"
tracks/4/imported = false
tracks/4/enabled = true
tracks/4/path = NodePath("RainParticles")
tracks/4/interp = 1
tracks/4/loop_wrap = true
tracks/4/keys = PackedFloat32Array(0, 1, -2.15545, -2.41308, -3.43925, 4, 1, -38.0578, -2.50934, -3.43925)

[sub_resource type="Animation" id="Animation_2ys1e"]
length = 0.001
tracks/0/type = "position_3d"
tracks/0/imported = false
tracks/0/enabled = true
tracks/0/path = NodePath("BigCloud1")
tracks/0/interp = 1
tracks/0/loop_wrap = true
tracks/0/keys = PackedFloat32Array(0, 1, 0, 0, 0)
tracks/1/type = "position_3d"
tracks/1/imported = false
tracks/1/enabled = true
tracks/1/path = NodePath("BigCloud2")
tracks/1/interp = 1
tracks/1/loop_wrap = true
tracks/1/keys = PackedFloat32Array(0, 1, 11.1817, 0, -9.8023)
tracks/2/type = "position_3d"
tracks/2/imported = false
tracks/2/enabled = true
tracks/2/path = NodePath("BigCloud3")
tracks/2/interp = 1
tracks/2/loop_wrap = true
tracks/2/keys = PackedFloat32Array(0, 1, -6.36672, 0, -10.0172)
tracks/3/type = "position_3d"
tracks/3/imported = false
tracks/3/enabled = true
tracks/3/path = NodePath("BigCloud4")
tracks/3/interp = 1
tracks/3/loop_wrap = true
tracks/3/keys = PackedFloat32Array(0, 1, -15.9488, 0, -1.29404)
tracks/4/type = "position_3d"
tracks/4/imported = false
tracks/4/enabled = true
tracks/4/path = NodePath("RainParticles")
tracks/4/interp = 1
tracks/4/loop_wrap = true
tracks/4/keys = PackedFloat32Array(0, 1, -2.15545, 0, -3.43925)

[sub_resource type="AnimationLibrary" id="AnimationLibrary_cjfxi"]
_data = {
&"Cloud_Movement": SubResource("Animation_kk6s5"),
&"RESET": SubResource("Animation_2ys1e")
}

[sub_resource type="ParticleProcessMaterial" id="ParticleProcessMaterial_kk6s5"]
emission_shape_scale = Vector3(1.7, 1, 0.7)
emission_shape = 6
emission_ring_axis = Vector3(0, 1, 0)
emission_ring_height = 0.0
emission_ring_radius = 11.81
emission_ring_inner_radius = 0.0
emission_ring_cone_angle = 90.0
angle_min = 1.07288e-05
angle_max = 5.00001
direction = Vector3(0, 0.3, 0)
spread = 2.5
initial_velocity_min = -40.0
initial_velocity_max = -25.0
gravity = Vector3(0, -4, 0)

[sub_resource type="StandardMaterial3D" id="StandardMaterial3D_kk6s5"]
albedo_color = Color(0.233148, 0.457125, 1, 1)
emission_energy_multiplier = 0.0

[sub_resource type="CapsuleMesh" id="CapsuleMesh_2ys1e"]
material = SubResource("StandardMaterial3D_kk6s5")
radius = 0.01
height = 0.02

[node name="Cloud" type="Node3D"]
transform = Transform3D(0.08, 0, 0, 0, 0.08, 0, 0, 0, 0.08, 0, 0, 0)

[node name="BigCloud1" type="Node3D" parent="."]

[node name="cloud01" parent="BigCloud1" instance=ExtResource("1_0dp3f")]
transform = Transform3D(0.979505, 0.0647842, 0.190717, 0, 0.946863, -0.321638, -0.20142, 0.315046, 0.927457, -0.0442909, 0, -0.621284)

[node name="Cloud01" parent="BigCloud1/cloud01" index="0"]
surface_material_override/0 = ExtResource("2_kk6s5")

[node name="cloud02" parent="BigCloud1" instance=ExtResource("1_0dp3f")]
transform = Transform3D(0.932878, 0, 0.360192, 0, 1, 0, -0.360192, 0, 0.932878, -1.09484, 0, 2.49394)

[node name="Cloud01" parent="BigCloud1/cloud02" index="0"]
surface_material_override/0 = ExtResource("2_kk6s5")

[node name="cloud04" parent="BigCloud1" instance=ExtResource("1_0dp3f")]
transform = Transform3D(1, 0, 0, 0, -0.949162, 0.314788, 0, -0.314788, -0.949162, 0.709074, 0, 3.91179)

[node name="Cloud01" parent="BigCloud1/cloud04" index="0"]
surface_material_override/0 = ExtResource("2_kk6s5")

[node name="cloud03" parent="BigCloud1" instance=ExtResource("1_0dp3f")]
transform = Transform3D(0.983966, 0, -0.178356, 0, 1, 0, 0.178356, 0, 0.983966, 3.28706, 0, 1.55415)

[node name="Cloud01" parent="BigCloud1/cloud03" index="0"]
surface_material_override/0 = ExtResource("2_kk6s5")

[node name="BigCloud2" type="Node3D" parent="."]
transform = Transform3D(1, 0, 0, 0, 1, 0, 0, 0, 1, 11.1817, 0, -9.8023)

[node name="cloud01" parent="BigCloud2" instance=ExtResource("1_0dp3f")]
transform = Transform3D(1, 0, 0, 0, 1, 0, 0, 0, 1, -0.0442909, 0, -0.621284)

[node name="Cloud01" parent="BigCloud2/cloud01" index="0"]
surface_material_override/0 = ExtResource("2_kk6s5")

[node name="cloud02" parent="BigCloud2" instance=ExtResource("1_0dp3f")]
transform = Transform3D(1, 0, 0, 0, 1, 0, 0, 0, 1, -2.87507, 0, 2.49394)

[node name="Cloud01" parent="BigCloud2/cloud02" index="0"]
surface_material_override/0 = ExtResource("2_kk6s5")

[node name="cloud03" parent="BigCloud2" instance=ExtResource("1_0dp3f")]
transform = Transform3D(1, 0, 0, 0, 1, 0, 0, 0, 1, 3.28706, 0, 1.55415)

[node name="Cloud01" parent="BigCloud2/cloud03" index="0"]
surface_material_override/0 = ExtResource("2_kk6s5")

[node name="cloud04" parent="BigCloud2" instance=ExtResource("1_0dp3f")]
transform = Transform3D(-0.869141, 0, -0.494564, 0, 1, 0, 0.494564, 0, -0.869141, 2.13702, 0, 2.54799)

[node name="Cloud01" parent="BigCloud2/cloud04" index="0"]
surface_material_override/0 = ExtResource("2_kk6s5")

[node name="BigCloud3" type="Node3D" parent="."]
transform = Transform3D(1, 0, 0, 0, 1, 0, 0, 0, 1, -6.36672, 0, -10.0172)

[node name="cloud01" parent="BigCloud3" instance=ExtResource("1_0dp3f")]
transform = Transform3D(1, 0, 0, 0, -0.207656, 0.978202, 0, -0.978202, -0.207656, -0.044291, 0, -0.621284)

[node name="Cloud01" parent="BigCloud3/cloud01" index="0"]
surface_material_override/0 = ExtResource("2_kk6s5")

[node name="cloud02" parent="BigCloud3" instance=ExtResource("1_0dp3f")]
transform = Transform3D(0.851855, 0, -0.523778, 0, 1, 0, 0.523778, 0, 0.851855, -2.87507, 0, 1.89128)

[node name="Cloud01" parent="BigCloud3/cloud02" index="0"]
surface_material_override/0 = ExtResource("2_kk6s5")

[node name="cloud04" parent="BigCloud3" instance=ExtResource("1_0dp3f")]
transform = Transform3D(1, 0, 0, 0, -0.659713, 0.751517, 0, -0.751517, -0.659713, 0.161552, 0, 3.13663)

[node name="Cloud01" parent="BigCloud3/cloud04" index="0"]
surface_material_override/0 = ExtResource("2_kk6s5")

[node name="cloud03" parent="BigCloud3" instance=ExtResource("1_0dp3f")]
transform = Transform3D(1, 0, 0, 0, -0.731663, -0.681666, 0, 0.681666, -0.731663, 3.28706, 0, 1.55415)

[node name="Cloud01" parent="BigCloud3/cloud03" index="0"]
surface_material_override/0 = ExtResource("2_kk6s5")

[node name="BigCloud4" type="Node3D" parent="."]
transform = Transform3D(1, 0, 0, 0, 1, 0, 0, 0, 1, -15.9488, 0, -1.29404)

[node name="cloud01" parent="BigCloud4" instance=ExtResource("1_0dp3f")]
transform = Transform3D(1, 0, 0, 0, -0.963388, 0.268113, 0, -0.268113, -0.963388, -0.0442905, 0, -0.621284)

[node name="Cloud01" parent="BigCloud4/cloud01" index="0"]
surface_material_override/0 = ExtResource("2_kk6s5")

[node name="cloud02" parent="BigCloud4" instance=ExtResource("1_0dp3f")]
transform = Transform3D(1, 0, 0, 0, 1, 0, 0, 0, 1, -2.87507, 0, 2.49394)

[node name="Cloud01" parent="BigCloud4/cloud02" index="0"]
surface_material_override/0 = ExtResource("2_kk6s5")

[node name="cloud03" parent="BigCloud4" instance=ExtResource("1_0dp3f")]
transform = Transform3D(1, 0, 0, 0, 1, 0, 0, 0, 1, 3.28706, 0, 1.55415)

[node name="Cloud01" parent="BigCloud4/cloud03" index="0"]
surface_material_override/0 = ExtResource("2_kk6s5")

[node name="cloud04" parent="BigCloud4" instance=ExtResource("1_0dp3f")]
transform = Transform3D(-0.967867, 0, -0.251461, 0, 1, 0, 0.251461, 0, -0.967867, 1.86006, 0, 4.09998)

[node name="Cloud01" parent="BigCloud4/cloud04" index="0"]
surface_material_override/0 = ExtResource("2_kk6s5")

[node name="AnimationPlayer" type="AnimationPlayer" parent="."]
libraries = {
&"": SubResource("AnimationLibrary_cjfxi")
}

[node name="RainParticles" type="GPUParticles3D" parent="."]
transform = Transform3D(0.955351, 0, 0.295475, 0, 1, 0, -0.295475, 0, 0.955351, -2.15545, 0, -3.43925)
emitting = false
amount = 3000
lifetime = 0.8
process_material = SubResource("ParticleProcessMaterial_kk6s5")
draw_pass_1 = SubResource("CapsuleMesh_2ys1e")

[editable path="BigCloud1/cloud01"]
[editable path="BigCloud1/cloud02"]
[editable path="BigCloud1/cloud04"]
[editable path="BigCloud1/cloud03"]
[editable path="BigCloud2/cloud01"]
[editable path="BigCloud2/cloud02"]
[editable path="BigCloud2/cloud03"]
[editable path="BigCloud2/cloud04"]
[editable path="BigCloud3/cloud01"]
[editable path="BigCloud3/cloud02"]
[editable path="BigCloud3/cloud04"]
[editable path="BigCloud3/cloud03"]
[editable path="BigCloud4/cloud01"]
[editable path="BigCloud4/cloud02"]
[editable path="BigCloud4/cloud03"]
[editable path="BigCloud4/cloud04"]
